Error=0

sign(w) =

    -1     1     1    -1     1    -1    -1    -1     1
     1     1     1     1    -1    -1    -1     1    -1
    -1     1    -1     1     1     1    -1     1     1

Error=6

sign(w) =

     1     1     1    -1     1     1    -1     1    -1
    -1    -1    -1    -1    -1    -1    -1    -1     1
     1     1     1    -1    -1    -1     1    -1     1

Error=0

sign(w) =

    -1    -1    -1     1    -1    -1     1     1     1
     1     1     1     1    -1    -1    -1    -1    -1
    -1     1     1    -1    -1     1    -1     1    -1

Error=1

sign(w) =

     1    -1    -1     1     1    -1     1     1     1
     1     1     1     1     1    -1     1     1    -1
    -1     1     1     1    -1    -1     1    -1    -1